DB 0 MOTIF	TBYKYCTYVTTYTCT	MEME-1
-242.5	0
-241.5	0
-240.5	0
-239.5	0
-238.5	0
-237.5	0
-236.5	0
-235.5	0
-234.5	0
-233.5	0
-232.5	0
-231.5	0
-230.5	0
-229.5	0
-228.5	1
-227.5	0
-226.5	0
-225.5	0
-224.5	0
-223.5	0
-222.5	0
-221.5	0
-220.5	1
-219.5	0
-218.5	1
-217.5	0
-216.5	0
-215.5	0
-214.5	0
-213.5	0
-212.5	0
-211.5	0
-210.5	0
-209.5	0
-208.5	1
-207.5	1
-206.5	0
-205.5	0
-204.5	0
-203.5	1
-202.5	0
-201.5	0
-200.5	0
-199.5	0
-198.5	0
-197.5	0
-196.5	0
-195.5	0
-194.5	0
-193.5	1
-192.5	0
-191.5	0
-190.5	0
-189.5	1
-188.5	0
-187.5	0
-186.5	0
-185.5	0
-184.5	0
-183.5	0
-182.5	0
-181.5	0
-180.5	0
-179.5	1
-178.5	0
-177.5	0
-176.5	0
-175.5	0
-174.5	0
-173.5	0
-172.5	1
-171.5	0
-170.5	0
-169.5	0
-168.5	0
-167.5	0
-166.5	0
-165.5	0
-164.5	1
-163.5	0
-162.5	0
-161.5	0
-160.5	0
-159.5	0
-158.5	0
-157.5	0
-156.5	0
-155.5	0
-154.5	0
-153.5	0
-152.5	1
-151.5	0
-150.5	0
-149.5	0
-148.5	0
-147.5	0
-146.5	0
-145.5	1
-144.5	0
-143.5	0
-142.5	0
-141.5	0
-140.5	0
-139.5	0
-138.5	0
-137.5	0
-136.5	0
-135.5	0
-134.5	0
-133.5	0
-132.5	0
-131.5	0
-130.5	0
-129.5	0
-128.5	0
-127.5	0
-126.5	0
-125.5	0
-124.5	0
-123.5	0
-122.5	0
-121.5	0
-120.5	0
-119.5	0
-118.5	0
-117.5	0
-116.5	0
-115.5	0
-114.5	0
-113.5	0
-112.5	0
-111.5	0
-110.5	0
-109.5	0
-108.5	0
-107.5	1
-106.5	0
-105.5	0
-104.5	0
-103.5	0
-102.5	1
-101.5	0
-100.5	0
 -99.5	0
 -98.5	0
 -97.5	0
 -96.5	0
 -95.5	0
 -94.5	0
 -93.5	0
 -92.5	1
 -91.5	0
 -90.5	0
 -89.5	0
 -88.5	0
 -87.5	0
 -86.5	0
 -85.5	0
 -84.5	0
 -83.5	0
 -82.5	1
 -81.5	0
 -80.5	0
 -79.5	0
 -78.5	0
 -77.5	0
 -76.5	0
 -75.5	0
 -74.5	0
 -73.5	0
 -72.5	0
 -71.5	0
 -70.5	0
 -69.5	0
 -68.5	0
 -67.5	0
 -66.5	0
 -65.5	0
 -64.5	0
 -63.5	0
 -62.5	0
 -61.5	0
 -60.5	0
 -59.5	0
 -58.5	0
 -57.5	0
 -56.5	0
 -55.5	0
 -54.5	0
 -53.5	0
 -52.5	0
 -51.5	0
 -50.5	1
 -49.5	1
 -48.5	0
 -47.5	0
 -46.5	0
 -45.5	0
 -44.5	0
 -43.5	0
 -42.5	0
 -41.5	0
 -40.5	1
 -39.5	0
 -38.5	0
 -37.5	0
 -36.5	0
 -35.5	0
 -34.5	0
 -33.5	0
 -32.5	1
 -31.5	0
 -30.5	0
 -29.5	0
 -28.5	0
 -27.5	1
 -26.5	0
 -25.5	0
 -24.5	0
 -23.5	0
 -22.5	0
 -21.5	1
 -20.5	0
 -19.5	0
 -18.5	0
 -17.5	0
 -16.5	1
 -15.5	1
 -14.5	1
 -13.5	0
 -12.5	0
 -11.5	1
 -10.5	0
  -9.5	0
  -8.5	0
  -7.5	0
  -6.5	0
  -5.5	0
  -4.5	0
  -3.5	0
  -2.5	0
  -1.5	0
  -0.5	1
   0.5	0
   1.5	0
   2.5	2
   3.5	0
   4.5	0.5
   5.5	0
   6.5	0
   7.5	1
   8.5	0
   9.5	1
  10.5	2
  11.5	0
  12.5	0
  13.5	1
  14.5	0
  15.5	0
  16.5	1
  17.5	1
  18.5	1
  19.5	0
  20.5	1
  21.5	0
  22.5	1
  23.5	1
  24.5	0
  25.5	0
  26.5	1
  27.5	1
  28.5	3
  29.5	0
  30.5	0
  31.5	1
  32.5	1
  33.5	0
  34.5	0
  35.5	1
  36.5	1
  37.5	0
  38.5	0
  39.5	0
  40.5	1
  41.5	0
  42.5	1
  43.5	1
  44.5	1
  45.5	0
  46.5	1
  47.5	0
  48.5	0
  49.5	0
  50.5	0
  51.5	0
  52.5	0
  53.5	0
  54.5	0
  55.5	1
  56.5	0
  57.5	0
  58.5	0
  59.5	1
  60.5	0
  61.5	0
  62.5	0
  63.5	0
  64.5	0
  65.5	0
  66.5	0
  67.5	0
  68.5	0
  69.5	0
  70.5	1
  71.5	0
  72.5	0
  73.5	0
  74.5	0
  75.5	1
  76.5	0
  77.5	0
  78.5	0
  79.5	0
  80.5	0
  81.5	0
  82.5	0
  83.5	0
  84.5	0
  85.5	0
  86.5	0
  87.5	0
  88.5	0
  89.5	1
  90.5	1
  91.5	0
  92.5	0
  93.5	0
  94.5	0
  95.5	0
  96.5	0
  97.5	0
  98.5	0
  99.5	0
 100.5	0
 101.5	0
 102.5	0
 103.5	0
 104.5	0
 105.5	0
 106.5	0
 107.5	0
 108.5	0
 109.5	0
 110.5	0
 111.5	0
 112.5	0
 113.5	1
 114.5	0
 115.5	0
 116.5	0
 117.5	0
 118.5	0
 119.5	0
 120.5	0
 121.5	0
 122.5	0
 123.5	0
 124.5	2
 125.5	0
 126.5	0
 127.5	0
 128.5	0
 129.5	1
 130.5	0.25
 131.5	1
 132.5	0
 133.5	0.25
 134.5	0
 135.5	0
 136.5	1.25
 137.5	0
 138.5	0
 139.5	1
 140.5	0
 141.5	0
 142.5	0
 143.5	0
 144.5	0
 145.5	0
 146.5	0
 147.5	0
 148.5	0
 149.5	0
 150.5	0.5
 151.5	0
 152.5	0
 153.5	0
 154.5	0.25
 155.5	0
 156.5	0
 157.5	0
 158.5	1
 159.5	0
 160.5	0
 161.5	0
 162.5	0
 163.5	0
 164.5	0
 165.5	0
 166.5	0
 167.5	1
 168.5	0
 169.5	0
 170.5	0
 171.5	0
 172.5	0
 173.5	0
 174.5	0
 175.5	0
 176.5	0
 177.5	1
 178.5	1
 179.5	0
 180.5	0
 181.5	1
 182.5	0
 183.5	1
 184.5	0
 185.5	0
 186.5	0
 187.5	0
 188.5	0
 189.5	0
 190.5	0
 191.5	0
 192.5	0
 193.5	0
 194.5	0
 195.5	0
 196.5	0
 197.5	0
 198.5	0
 199.5	0
 200.5	0
 201.5	0
 202.5	1
 203.5	0
 204.5	0
 205.5	0
 206.5	0
 207.5	0
 208.5	0
 209.5	0
 210.5	0
 211.5	0
 212.5	0
 213.5	1
 214.5	0
 215.5	0
 216.5	0
 217.5	1
 218.5	0
 219.5	0
 220.5	0
 221.5	0
 222.5	0
 223.5	1
 224.5	0
 225.5	0
 226.5	0
 227.5	1
 228.5	0
 229.5	0
 230.5	0
 231.5	0
 232.5	0
 233.5	0
 234.5	0
 235.5	0
 236.5	0
 237.5	0
 238.5	0
 239.5	0
 240.5	0
 241.5	1
 242.5	0
