Translation Factors%WikiPathways_20201210%WP110%Caenorhabditis elegans	http://www.wikipathways.org/instance/WP110_r97043	176373	179165	176094	181044	175975	172743	172920	176268	172584	176348	175138	174346	175871	177254	172044	175353	179331	176120	181334	172959	171809	178419	171769	174138	175966	178536	174478	173169	179028	179522
mRNA processing%WikiPathways_20201210%WP123%Caenorhabditis elegans	http://www.wikipathways.org/instance/WP123_r71848	182875	176153	178091	173915	172345	176668	174646	174647	176742	175851	176103	176422	177398	174364	175771	176461	178285	178483	182722	177190	180180	183250	172657	172814	177988	181319	176138	179567	175442	174072	177182	178151	177181	174747	176409	172768	3565068	174748	172406	3564851	176922	171834	175117	179639	171833	173013	172881	179833	176688	172443	3565706	178147	176561	176002	178542	178143	175270	174380	191736	175071	180326	174417	172999	172116	174816	172312	173401	179705	175549	176913	173920	173767	174378	177566	177003	173086	174175	179103	173440
Fatty Acid Beta Oxidation 1%WikiPathways_20201210%WP126%Caenorhabditis elegans	http://www.wikipathways.org/instance/WP126_r97039	179771	174180	186222	172509	181682	177807	171643	173747	174912	175910	174844	176005	180859	172310	176216	180737	175500	177530	176376	178025
Neurotransm. release in cholinergic motor neurons%WikiPathways_20201210%WP1401%Caenorhabditis elegans	http://www.wikipathways.org/instance/WP1401_r84440	180452	180864	189837	188499	171687	172505	171751	179707	179649	180714	175322	178537	172497	175622	179962	177048	172483
Cell Division: First embryonic mitosis%WikiPathways_20201210%WP1411%Caenorhabditis elegans	http://www.wikipathways.org/instance/WP1411_r84464	176754
Metapathway UDP-glucuronosyltransferases%WikiPathways_20201210%WP1431%Caenorhabditis elegans	http://www.wikipathways.org/instance/WP1431_r78454	178330	179464	188619	187129	184052	184295	184294	185500	176904	3565443	187130	187570	176227	178882	178883	178880	185911	186768	186767	179450	186766	184266	188072	188073	179406	179449	179446	182577	177380	181205	183141	185120	183462	185168	177939	174507	178905	189771	179759	172087	177139	172086	3564933	172085	178744	179755	179754	178940	179753	176366	184205	178581	182223	175591	181413	187955	180404	188885	187799	191174	184293	184292	191171	182508	180969	178774
Valine, leucine and isoleucine degradation%WikiPathways_20201210%WP1451%Caenorhabditis elegans	http://www.wikipathways.org/instance/WP1451_r106022	181169	176756	3565206	174548	186222	172310	176216	174279	171738	180361	178962
Fatty Acid Beta Oxidation 2%WikiPathways_20201210%WP148%Caenorhabditis elegans	http://www.wikipathways.org/instance/WP148_r70152	186222	176216	172310	176376
TOR signaling%WikiPathways_20201210%WP1489%Caenorhabditis elegans	http://www.wikipathways.org/instance/WP1489_r84466	182509
Metapathway Signal Transduction%WikiPathways_20201210%WP1546%Caenorhabditis elegans	http://www.wikipathways.org/instance/WP1546_r87797	3565035	176829	182509	173399	177401
DNA Replication%WikiPathways_20201210%WP192%Caenorhabditis elegans	http://www.wikipathways.org/instance/WP192_r80063	176131	175481	180010	172029	176718	173368	176946	176439	176544	173122	179967	175840	178831	178259	176358	174676	174841	176562	176385	171793	175552	177673	176486	179652
Fatty Acid Beta Oxidation Meta%WikiPathways_20201210%WP209%Caenorhabditis elegans	http://www.wikipathways.org/instance/WP209_r78049	179771	174161	174180	186222	172509	181682	177807	171643	174912	175910	174844	174768	176005	180859	172310	176216	180737	175500	178387	178025	177530	176376
Triacylglyceride Synthesis%WikiPathways_20201210%WP212%Caenorhabditis elegans	http://www.wikipathways.org/instance/WP212_r68482	179398	179562	179771	175192	185044	174916	173747	178928	175910	175417	173734	180737	176399	175453
Ascaroside Biosynthesis%WikiPathways_20201210%WP2224%Caenorhabditis elegans	http://www.wikipathways.org/instance/WP2224_r84468	173162
Biosynthesis and regulation of nematode bile acids%WikiPathways_20201210%WP2293%Caenorhabditis elegans	http://www.wikipathways.org/instance/WP2293_r106026	180889	175710	178983	179422
Heterchronic control of molting%WikiPathways_20201210%WP2357%Caenorhabditis elegans	http://www.wikipathways.org/instance/WP2357_r70175	172626	181337	174830
RTK/Ras/MAPK -  LET-23, EGL-15 independent%WikiPathways_20201210%WP2569%Caenorhabditis elegans	http://www.wikipathways.org/instance/WP2569_r78457	180530	180133	177286	191704	172826	172948	177436	177513	175410	173794	174323	180419	179732	181707	176068	178001	178361	178362	181557	184989	181194	173740	178117	173345	175089	180992	181400	24104681	180712	176093	181082	186058	172249	171872	171751	179912	180713	177016	172520	178104	174462	187518	176282	180402	181291	181172	175909	181055	172435	180923	177249	180527	178855	178218	175545	3565419	172597	173085	171981	176993	176992	173121
ER Stress-Unfolded Protein Response (UPRer)%WikiPathways_20201210%WP2578%Caenorhabditis elegans	http://www.wikipathways.org/instance/WP2578_r84474	171769	176616
Acetylcholine Synthesis%WikiPathways_20201210%WP264%Caenorhabditis elegans	http://www.wikipathways.org/instance/WP264_r104379	173901	3565996	180703	181706	181021
Wnt Signaling - Q neuroblast migration%WikiPathways_20201210%WP2888%Caenorhabditis elegans	http://www.wikipathways.org/instance/WP2888_r87430	174317
Role of lipid metabolism in C. elegans%WikiPathways_20201210%WP2915%Caenorhabditis elegans	http://www.wikipathways.org/instance/WP2915_r107083	175910
Pentose Phosphate Pathway%WikiPathways_20201210%WP312%Caenorhabditis elegans	http://www.wikipathways.org/instance/WP312_r68457	176043	175995	177971	177202	178046
Crystal Toxin Triggered Necrosis Pathway%WikiPathways_20201210%WP3648%Caenorhabditis elegans	http://www.wikipathways.org/instance/WP3648_r106027	178385	175618	181444	177546	180947	180251	180033	180692
Synthesis and Degradation of Ketone Bodies%WikiPathways_20201210%WP427%Caenorhabditis elegans	http://www.wikipathways.org/instance/WP427_r84707	174161	174548	171738
Glycogen Metabolism%WikiPathways_20201210%WP436%Caenorhabditis elegans	http://www.wikipathways.org/instance/WP436_r89808	180100	175091	180644	181721	172826	174924	3565201	173149	173843	176814	180119	178614	179526	178777	176149	178117	190101	175395	175750
Mitochondrial LC-Fatty Acid Beta-Oxidation%WikiPathways_20201210%WP448%Caenorhabditis elegans	http://www.wikipathways.org/instance/WP448_r71437	174912	171643	174180	186222	176005	172310	180859	178025	174881	177530
Proteasome Degradation%WikiPathways_20201210%WP470%Caenorhabditis elegans	http://www.wikipathways.org/instance/WP470_r78051	176196	173858	172208	172009	172942	171975	178943	176588	175972	179339	177855	178988	178006	177753	177456	173334	174786	177212	176661	177455	176161	179493	173807	172238	175925	172139	172679	172977	174715	176978	175840	175187	179941	174571	173384	179641
Beta Oxidation of Unsaturated Fatty Acids%WikiPathways_20201210%WP471%Caenorhabditis elegans	http://www.wikipathways.org/instance/WP471_r113645	172310	176216	179872
Fatty Acid Beta Oxidation 3%WikiPathways_20201210%WP499%Caenorhabditis elegans	http://www.wikipathways.org/instance/WP499_r67237	174161	174768	186222	172310	176216	178387	176376
Eukaryotic Transcription Initiation%WikiPathways_20201210%WP518%Caenorhabditis elegans	http://www.wikipathways.org/instance/WP518_r71438	176054	174765	171877	179418	175015	176686	173498	192052	178502	176584	178544	175175	176682	172680	190078	175056	179178	180243	175190	177190	176838	171784	172752	175767	175668	172412	173602	174630	176950	175660
Mitochondrial Unfolded-Protein Response%WikiPathways_20201210%WP525%Caenorhabditis elegans	http://www.wikipathways.org/instance/WP525_r111636	175460	174371	178173	24104384	171895	175338	172743	175455	174367	176425	172062	179498	180822	172617	172858	171769	171889	171767	171766	177503	172052	174478	181917	178279	176891	174351	176531	179165	172094	185803	180231	175359	175235	179711	174027	174023	178188	179154	179153	180368	174138	172511	175901	172074	174379	173169	173041	179028	176310	175584	178012	176197	176191	187888	176071	185109	171853	175536	171976	175659	175538	174443	175413	190379	173356	173235	176982	172143	176860	180464	180343	179331	186440	172815	184267	172818	172499	176858	173342	174311	176975	173224	174790	176176	176097	173260	183940	13191872	176094	13187936	177859	3565469	177978	188040	175796	172164	174588	174346	171750	172044	177294	179230	172959	171985	172957	187087	174699	174695	179229	176755	175666	175786	177481	180535	171817	187843	172904	176826	172901	175975	172584	176268	179779	173311	177236	173312	177237	176146	4363068	188943	171809	188274	173309	175966	172693	174871	176015	176011	176495	179522	178352	179683	172805	181044	172921	171710	175879	191523	172244	177254	178342	175070	171949	188488	188492	175628	177926	176718	259526	172479	179669	175501	183325	176590	175141	24104220	179184	188457	176903	174606	178408	179739	259579	176348	175138	173873	187809	171692	174166	178089	181833	178083	174956	177549	176334	174159	172095	180748	179721	177583	176373	180393	175719	172204	174749	173415	179998	176007	172442	176006	172201	176120	176482	180044	178419	172313	178538	175703	174976	178536	178778	178415	172672	177203	172311
Cytoplasmic Ribosomal Proteins%WikiPathways_20201210%WP540%Caenorhabditis elegans	http://www.wikipathways.org/instance/WP540_r68494	178012	177481	174371	178173	176071	171853	172943	178408	175455	174443	173873	172062	173235	171692	174166	180343	172061	178083	172818	173309	176858	171766	172693	176015	177503	174311	172052	180748	176891	176011	177583	176097	173260	172921	172647	172401	175879	175796	175235	179998	176006	171750	178342	178188	179154	175070	171949	180044	175628	176718	174699	172313	175901	178778	176554	175501	172074	177203	174379	175786	175584
Vulval Development and SynMuv%WikiPathways_20201210%WP680%Caenorhabditis elegans	http://www.wikipathways.org/instance/WP680_r87859	178001
TCA Cycle%WikiPathways_20201210%WP76%Caenorhabditis elegans	http://www.wikipathways.org/instance/WP76_r109357	180475	179041	179063	181108	181280	179616	175598	181528	177555	176226	174482	175252	177235	178387	181311	260040	176437	3565996	177108	172655	179945	176059	172430	174692	172035
