DB 0 MOTIF	RCTGATAAGAA	MEME-1
-244.5	0
-243.5	0
-242.5	0
-241.5	0
-240.5	0
-239.5	0
-238.5	0
-237.5	0
-236.5	0
-235.5	0
-234.5	0
-233.5	0
-232.5	1
-231.5	0
-230.5	0
-229.5	0
-228.5	0
-227.5	0
-226.5	0
-225.5	0
-224.5	0
-223.5	0
-222.5	0
-221.5	0
-220.5	0
-219.5	0
-218.5	0
-217.5	0
-216.5	0
-215.5	1
-214.5	0
-213.5	0
-212.5	0
-211.5	0
-210.5	0
-209.5	0
-208.5	0
-207.5	0
-206.5	0
-205.5	0
-204.5	0
-203.5	0
-202.5	0
-201.5	0
-200.5	0
-199.5	0
-198.5	0
-197.5	1
-196.5	0
-195.5	0
-194.5	0
-193.5	0
-192.5	0
-191.5	0
-190.5	0
-189.5	0
-188.5	0
-187.5	0
-186.5	0
-185.5	0
-184.5	0
-183.5	0
-182.5	0
-181.5	0
-180.5	0
-179.5	0
-178.5	0
-177.5	0
-176.5	0
-175.5	0
-174.5	0
-173.5	1
-172.5	0
-171.5	0
-170.5	0
-169.5	0
-168.5	0
-167.5	0
-166.5	0
-165.5	0
-164.5	0
-163.5	0
-162.5	0
-161.5	0
-160.5	0
-159.5	0
-158.5	0
-157.5	0
-156.5	0
-155.5	0
-154.5	0
-153.5	0
-152.5	0
-151.5	0
-150.5	0
-149.5	0
-148.5	0
-147.5	0
-146.5	0
-145.5	0
-144.5	0
-143.5	0
-142.5	0
-141.5	0
-140.5	0
-139.5	0
-138.5	0
-137.5	0
-136.5	0
-135.5	0
-134.5	0
-133.5	0
-132.5	0
-131.5	0
-130.5	0
-129.5	0
-128.5	0
-127.5	0
-126.5	0
-125.5	0
-124.5	0
-123.5	0
-122.5	0
-121.5	1
-120.5	0
-119.5	0
-118.5	0
-117.5	0
-116.5	1
-115.5	0
-114.5	0
-113.5	0
-112.5	0
-111.5	0
-110.5	0
-109.5	0
-108.5	0
-107.5	0
-106.5	0
-105.5	0
-104.5	0
-103.5	0
-102.5	0
-101.5	0
-100.5	0
 -99.5	0
 -98.5	0
 -97.5	0
 -96.5	0
 -95.5	0
 -94.5	0
 -93.5	0
 -92.5	0
 -91.5	0
 -90.5	1
 -89.5	0
 -88.5	0
 -87.5	0
 -86.5	0
 -85.5	0
 -84.5	0
 -83.5	0
 -82.5	0
 -81.5	0
 -80.5	0
 -79.5	0
 -78.5	0
 -77.5	0
 -76.5	0
 -75.5	0
 -74.5	0
 -73.5	0
 -72.5	0
 -71.5	0
 -70.5	0
 -69.5	0
 -68.5	0
 -67.5	0
 -66.5	0
 -65.5	0
 -64.5	0
 -63.5	0
 -62.5	0
 -61.5	0
 -60.5	0
 -59.5	0
 -58.5	0
 -57.5	1
 -56.5	1
 -55.5	0
 -54.5	0
 -53.5	0
 -52.5	0
 -51.5	0
 -50.5	0
 -49.5	0
 -48.5	0
 -47.5	0
 -46.5	0
 -45.5	1
 -44.5	1
 -43.5	0
 -42.5	0
 -41.5	0
 -40.5	0
 -39.5	0
 -38.5	0
 -37.5	0
 -36.5	0
 -35.5	1
 -34.5	0
 -33.5	2
 -32.5	0
 -31.5	0
 -30.5	0
 -29.5	1
 -28.5	0
 -27.5	1
 -26.5	0
 -25.5	0
 -24.5	2
 -23.5	0
 -22.5	0
 -21.5	1
 -20.5	0
 -19.5	0
 -18.5	0
 -17.5	0
 -16.5	2
 -15.5	1
 -14.5	0
 -13.5	1
 -12.5	0
 -11.5	1
 -10.5	0
  -9.5	0
  -8.5	0
  -7.5	0
  -6.5	0
  -5.5	1
  -4.5	1
  -3.5	1
  -2.5	0
  -1.5	0
  -0.5	0
   0.5	0
   1.5	0
   2.5	1
   3.5	0
   4.5	2
   5.5	0
   6.5	3
   7.5	2
   8.5	0
   9.5	2
  10.5	1
  11.5	0
  12.5	1
  13.5	0
  14.5	1
  15.5	0
  16.5	1
  17.5	0
  18.5	0
  19.5	1
  20.5	0
  21.5	2
  22.5	0
  23.5	0
  24.5	0
  25.5	1
  26.5	1
  27.5	0
  28.5	1
  29.5	0
  30.5	0
  31.5	2
  32.5	0
  33.5	0
  34.5	0
  35.5	2
  36.5	0
  37.5	2
  38.5	0
  39.5	0
  40.5	2
  41.5	0
  42.5	2
  43.5	1
  44.5	0
  45.5	0
  46.5	1
  47.5	0
  48.5	1
  49.5	0
  50.5	1
  51.5	0
  52.5	0
  53.5	1
  54.5	0
  55.5	1
  56.5	0
  57.5	0
  58.5	0
  59.5	0
  60.5	0
  61.5	0
  62.5	0
  63.5	0
  64.5	0
  65.5	1
  66.5	0
  67.5	1
  68.5	0
  69.5	0
  70.5	0
  71.5	0
  72.5	0
  73.5	1
  74.5	0
  75.5	2
  76.5	0
  77.5	0
  78.5	0
  79.5	0
  80.5	0
  81.5	0
  82.5	0
  83.5	1
  84.5	1
  85.5	0
  86.5	1
  87.5	0
  88.5	0
  89.5	0
  90.5	0
  91.5	0
  92.5	0
  93.5	0
  94.5	0
  95.5	0
  96.5	1
  97.5	1
  98.5	1
  99.5	0
 100.5	0
 101.5	0
 102.5	1
 103.5	0
 104.5	0
 105.5	0
 106.5	0
 107.5	1
 108.5	1
 109.5	0
 110.5	0
 111.5	2
 112.5	1
 113.5	0
 114.5	0
 115.5	0
 116.5	1
 117.5	0
 118.5	0
 119.5	0
 120.5	0
 121.5	0
 122.5	0
 123.5	0
 124.5	1
 125.5	0
 126.5	0
 127.5	0
 128.5	0
 129.5	1
 130.5	0
 131.5	0
 132.5	0
 133.5	0
 134.5	0
 135.5	0
 136.5	0
 137.5	0
 138.5	1
 139.5	1
 140.5	1
 141.5	0
 142.5	0
 143.5	0
 144.5	0
 145.5	0
 146.5	0
 147.5	0
 148.5	0
 149.5	0
 150.5	0
 151.5	2
 152.5	0
 153.5	0
 154.5	0
 155.5	0
 156.5	0
 157.5	0
 158.5	0
 159.5	0
 160.5	0
 161.5	0
 162.5	0
 163.5	0
 164.5	0
 165.5	0
 166.5	0
 167.5	0
 168.5	0
 169.5	0
 170.5	0
 171.5	0
 172.5	0
 173.5	0
 174.5	1
 175.5	0
 176.5	0
 177.5	0
 178.5	0
 179.5	0
 180.5	0
 181.5	0
 182.5	1
 183.5	0
 184.5	0
 185.5	0
 186.5	0
 187.5	0
 188.5	1
 189.5	0
 190.5	0
 191.5	0
 192.5	0
 193.5	0
 194.5	0
 195.5	0
 196.5	0
 197.5	0
 198.5	0
 199.5	1
 200.5	0
 201.5	0
 202.5	0
 203.5	0
 204.5	0
 205.5	0
 206.5	0
 207.5	0
 208.5	0
 209.5	0
 210.5	0
 211.5	0
 212.5	0
 213.5	0
 214.5	0
 215.5	0
 216.5	0
 217.5	0
 218.5	0
 219.5	0
 220.5	0
 221.5	0
 222.5	0
 223.5	0
 224.5	0
 225.5	0
 226.5	1
 227.5	0
 228.5	0
 229.5	0
 230.5	0
 231.5	1
 232.5	0
 233.5	0
 234.5	0
 235.5	0
 236.5	0
 237.5	0
 238.5	0
 239.5	0
 240.5	0
 241.5	0
 242.5	0
 243.5	0
 244.5	0
DB 0 MOTIF	CVCHCWBTGDCDCCRGNWCGGRRYHMTCAC	MEME-3
-235.0	0
-234.0	0
-233.0	0
-232.0	0
-231.0	0
-230.0	0
-229.0	0
-228.0	0
-227.0	0
-226.0	0
-225.0	0
-224.0	0
-223.0	0
-222.0	0
-221.0	0
-220.0	0
-219.0	0
-218.0	0
-217.0	0
-216.0	0
-215.0	0
-214.0	0
-213.0	0
-212.0	0
-211.0	0
-210.0	0
-209.0	0
-208.0	0
-207.0	0
-206.0	0
-205.0	0
-204.0	0
-203.0	0
-202.0	0
-201.0	0
-200.0	0
-199.0	0
-198.0	0
-197.0	0
-196.0	0
-195.0	0
-194.0	0
-193.0	0
-192.0	0
-191.0	0
-190.0	0
-189.0	0
-188.0	0
-187.0	0
-186.0	0
-185.0	0
-184.0	0
-183.0	0
-182.0	0
-181.0	0
-180.0	0
-179.0	0
-178.0	0
-177.0	0
-176.0	0
-175.0	0
-174.0	0
-173.0	0
-172.0	0
-171.0	0
-170.0	0
-169.0	0
-168.0	0
-167.0	0
-166.0	0
-165.0	0
-164.0	0
-163.0	0
-162.0	0
-161.0	0
-160.0	0
-159.0	0
-158.0	0
-157.0	0
-156.0	0
-155.0	0
-154.0	0
-153.0	0
-152.0	0
-151.0	0
-150.0	0
-149.0	0
-148.0	0
-147.0	0
-146.0	0
-145.0	0
-144.0	0
-143.0	0
-142.0	0
-141.0	0
-140.0	0
-139.0	0
-138.0	0
-137.0	0
-136.0	0
-135.0	0
-134.0	0
-133.0	0
-132.0	0
-131.0	0
-130.0	0
-129.0	0
-128.0	0
-127.0	0
-126.0	0
-125.0	0
-124.0	0
-123.0	0
-122.0	0
-121.0	0
-120.0	0
-119.0	0
-118.0	0
-117.0	0
-116.0	0
-115.0	0
-114.0	0
-113.0	0
-112.0	0
-111.0	0
-110.0	0
-109.0	0
-108.0	0
-107.0	0
-106.0	0
-105.0	0
-104.0	0
-103.0	0
-102.0	0
-101.0	0
-100.0	0
 -99.0	0
 -98.0	0
 -97.0	0
 -96.0	0
 -95.0	0
 -94.0	0
 -93.0	0
 -92.0	0
 -91.0	0
 -90.0	0
 -89.0	0
 -88.0	0
 -87.0	0
 -86.0	0
 -85.0	0
 -84.0	0
 -83.0	0
 -82.0	0
 -81.0	0
 -80.0	0
 -79.0	0
 -78.0	0
 -77.0	0
 -76.0	0
 -75.0	0
 -74.0	0
 -73.0	0
 -72.0	0
 -71.0	0
 -70.0	0
 -69.0	0
 -68.0	0
 -67.0	0
 -66.0	0
 -65.0	0
 -64.0	0
 -63.0	0
 -62.0	0
 -61.0	0
 -60.0	0
 -59.0	0
 -58.0	0
 -57.0	0
 -56.0	0
 -55.0	0
 -54.0	0
 -53.0	0
 -52.0	0
 -51.0	0
 -50.0	0
 -49.0	0
 -48.0	0
 -47.0	0
 -46.0	0
 -45.0	0
 -44.0	0
 -43.0	0
 -42.0	0
 -41.0	0
 -40.0	0
 -39.0	0
 -38.0	0
 -37.0	0
 -36.0	0
 -35.0	0
 -34.0	0
 -33.0	0
 -32.0	0
 -31.0	0
 -30.0	0
 -29.0	0
 -28.0	0
 -27.0	0
 -26.0	0
 -25.0	0
 -24.0	0
 -23.0	0
 -22.0	0
 -21.0	0
 -20.0	0
 -19.0	0
 -18.0	0
 -17.0	0
 -16.0	0
 -15.0	1
 -14.0	0
 -13.0	0
 -12.0	0
 -11.0	0
 -10.0	0
  -9.0	0
  -8.0	0
  -7.0	0
  -6.0	0
  -5.0	0
  -4.0	2
  -3.0	0
  -2.0	0
  -1.0	0
   0.0	0
   1.0	0
   2.0	0
   3.0	0
   4.0	0
   5.0	0
   6.0	0
   7.0	0
   8.0	0
   9.0	0
  10.0	0
  11.0	0
  12.0	0
  13.0	0
  14.0	0
  15.0	0
  16.0	0
  17.0	1
  18.0	0
  19.0	0
  20.0	0
  21.0	0
  22.0	0
  23.0	0
  24.0	0
  25.0	0
  26.0	0
  27.0	0
  28.0	0
  29.0	0
  30.0	0
  31.0	0
  32.0	0
  33.0	0
  34.0	0
  35.0	0
  36.0	0
  37.0	0
  38.0	0
  39.0	0
  40.0	0
  41.0	0
  42.0	0
  43.0	0
  44.0	0
  45.0	0
  46.0	0
  47.0	0
  48.0	0
  49.0	0
  50.0	0
  51.0	0
  52.0	0
  53.0	0
  54.0	0
  55.0	0
  56.0	0
  57.0	0
  58.0	0
  59.0	0
  60.0	0
  61.0	0
  62.0	0
  63.0	0
  64.0	0
  65.0	0
  66.0	0
  67.0	0
  68.0	0
  69.0	0
  70.0	0
  71.0	0
  72.0	0
  73.0	0
  74.0	0
  75.0	0
  76.0	0
  77.0	0
  78.0	0
  79.0	0
  80.0	0
  81.0	0
  82.0	0
  83.0	0
  84.0	0
  85.0	0
  86.0	0
  87.0	0
  88.0	0
  89.0	0
  90.0	0
  91.0	0
  92.0	0
  93.0	0
  94.0	0
  95.0	0
  96.0	0
  97.0	0
  98.0	0
  99.0	0
 100.0	0
 101.0	0
 102.0	0
 103.0	0
 104.0	0
 105.0	0
 106.0	0
 107.0	0
 108.0	0
 109.0	0
 110.0	0
 111.0	0
 112.0	0
 113.0	0
 114.0	0
 115.0	0
 116.0	0
 117.0	0
 118.0	0
 119.0	0
 120.0	0
 121.0	0
 122.0	0
 123.0	0
 124.0	0
 125.0	0
 126.0	0
 127.0	0
 128.0	0
 129.0	0
 130.0	0
 131.0	0
 132.0	0
 133.0	0
 134.0	0
 135.0	0
 136.0	0
 137.0	0
 138.0	0
 139.0	0
 140.0	0
 141.0	0
 142.0	0
 143.0	0
 144.0	0
 145.0	0
 146.0	0
 147.0	0
 148.0	0
 149.0	0
 150.0	0
 151.0	0
 152.0	0
 153.0	0
 154.0	0
 155.0	0
 156.0	0
 157.0	0
 158.0	0
 159.0	0
 160.0	0
 161.0	0
 162.0	0
 163.0	0
 164.0	0
 165.0	0
 166.0	0
 167.0	0
 168.0	0
 169.0	0
 170.0	0
 171.0	0
 172.0	0
 173.0	0
 174.0	0
 175.0	0
 176.0	0
 177.0	0
 178.0	0
 179.0	0
 180.0	0
 181.0	0
 182.0	0
 183.0	0
 184.0	0
 185.0	0
 186.0	0
 187.0	0
 188.0	0
 189.0	0
 190.0	0
 191.0	0
 192.0	0
 193.0	0
 194.0	0
 195.0	0
 196.0	0
 197.0	0
 198.0	0
 199.0	0
 200.0	0
 201.0	0
 202.0	0
 203.0	0
 204.0	1
 205.0	0
 206.0	0
 207.0	0
 208.0	0
 209.0	0
 210.0	0
 211.0	0
 212.0	0
 213.0	0
 214.0	0
 215.0	0
 216.0	0
 217.0	0
 218.0	0
 219.0	0
 220.0	0
 221.0	0
 222.0	0
 223.0	0
 224.0	0
 225.0	0
 226.0	0
 227.0	0
 228.0	0
 229.0	0
 230.0	0
 231.0	0
 232.0	0
 233.0	0
 234.0	0
 235.0	0
DB 1 MOTIF	TGATAR	DREME-1
-247.0	0
-246.0	0
-245.0	0
-244.0	0
-243.0	0
-242.0	0
-241.0	0
-240.0	0
-239.0	0
-238.0	0
-237.0	0
-236.0	0
-235.0	0
-234.0	0
-233.0	0
-232.0	0.5
-231.0	0
-230.0	0
-229.0	0.333333
-228.0	0
-227.0	0
-226.0	0
-225.0	0
-224.0	0
-223.0	0
-222.0	0
-221.0	0
-220.0	0
-219.0	0
-218.0	0
-217.0	0
-216.0	1
-215.0	0
-214.0	0
-213.0	0
-212.0	0
-211.0	0
-210.0	0
-209.0	0
-208.0	0
-207.0	0
-206.0	0
-205.0	0
-204.0	0.5
-203.0	0
-202.0	0
-201.0	0
-200.0	0
-199.0	0
-198.0	0
-197.0	0
-196.0	0.5
-195.0	0
-194.0	0
-193.0	0
-192.0	0
-191.0	0.333333
-190.0	0
-189.0	0
-188.0	0.5
-187.0	0
-186.0	0
-185.0	0
-184.0	0
-183.0	0
-182.0	0
-181.0	0
-180.0	0
-179.0	0.5
-178.0	0.5
-177.0	0
-176.0	0
-175.0	1
-174.0	0
-173.0	0
-172.0	0.25
-171.0	0.25
-170.0	1.33333
-169.0	0
-168.0	0
-167.0	0
-166.0	0
-165.0	0
-164.0	0
-163.0	0
-162.0	0
-161.0	0
-160.0	0
-159.0	0
-158.0	0
-157.0	0
-156.0	0
-155.0	0
-154.0	0
-153.0	0
-152.0	1
-151.0	0.75
-150.0	0
-149.0	0
-148.0	0
-147.0	0
-146.0	0
-145.0	0
-144.0	0
-143.0	0.5
-142.0	0.5
-141.0	0
-140.0	0
-139.0	0
-138.0	0
-137.0	0
-136.0	0
-135.0	0
-134.0	0.25
-133.0	0
-132.0	0
-131.0	0
-130.0	0
-129.0	0.25
-128.0	0.5
-127.0	0
-126.0	0
-125.0	0
-124.0	0
-123.0	0
-122.0	0.25
-121.0	0
-120.0	0
-119.0	0
-118.0	0
-117.0	0
-116.0	0
-115.0	0
-114.0	0
-113.0	0
-112.0	0
-111.0	0
-110.0	0.25
-109.0	0
-108.0	0
-107.0	0
-106.0	0
-105.0	0
-104.0	0
-103.0	0
-102.0	0
-101.0	0
-100.0	0
 -99.0	0
 -98.0	0
 -97.0	0
 -96.0	0.142857
 -95.0	0
 -94.0	0
 -93.0	0
 -92.0	0
 -91.0	0
 -90.0	0.5
 -89.0	0
 -88.0	0
 -87.0	0
 -86.0	0
 -85.0	1
 -84.0	1
 -83.0	0.333333
 -82.0	0.5
 -81.0	0
 -80.0	0
 -79.0	0
 -78.0	0
 -77.0	0
 -76.0	0
 -75.0	0
 -74.0	0
 -73.0	0.5
 -72.0	0.333333
 -71.0	0
 -70.0	0
 -69.0	0
 -68.0	0
 -67.0	0.333333
 -66.0	0
 -65.0	0
 -64.0	0
 -63.0	0
 -62.0	0
 -61.0	0.5
 -60.0	0
 -59.0	0
 -58.0	1
 -57.0	0
 -56.0	0.25
 -55.0	0.5
 -54.0	0
 -53.0	0
 -52.0	0
 -51.0	0
 -50.0	0
 -49.0	0
 -48.0	0
 -47.0	0
 -46.0	0.666667
 -45.0	0.5
 -44.0	0
 -43.0	0
 -42.0	0
 -41.0	0
 -40.0	0
 -39.0	0.5
 -38.0	0
 -37.0	0
 -36.0	0.75
 -35.0	0
 -34.0	0.5
 -33.0	2
 -32.0	0
 -31.0	0.5
 -30.0	1.5
 -29.0	0
 -28.0	1.5
 -27.0	0
 -26.0	0
 -25.0	1
 -24.0	1.33333
 -23.0	0
 -22.0	0
 -21.0	0.5
 -20.0	0
 -19.0	0
 -18.0	0
 -17.0	1
 -16.0	0.25
 -15.0	2
 -14.0	0
 -13.0	0.5
 -12.0	0
 -11.0	2
 -10.0	0
  -9.0	0.5
  -8.0	0
  -7.0	0
  -6.0	0
  -5.0	0
  -4.0	0.333333
  -3.0	1
  -2.0	1
  -1.0	0
   0.0	0
   1.0	0.5
   2.0	0
   3.0	1.25
   4.0	1.08333
   5.0	0.5
   6.0	0.5
   7.0	2.83333
   8.0	0
   9.0	0
  10.0	2.5
  11.0	0.5
  12.0	0.142857
  13.0	1
  14.0	0
  15.0	0
  16.0	1
  17.0	0
  18.0	0
  19.0	0.333333
  20.0	0
  21.0	0.5
  22.0	0.5
  23.0	0.666667
  24.0	0.25
  25.0	1
  26.0	0.5
  27.0	0
  28.0	1.5
  29.0	0.5
  30.0	0
  31.0	1.75
  32.0	0.333333
  33.0	0
  34.0	0.583333
  35.0	0.5
  36.0	0
  37.0	0.5
  38.0	0.5
  39.0	0
  40.0	0.5
  41.0	1
  42.0	1.33333
  43.0	0.5
  44.0	1
  45.0	0.5
  46.0	0.25
  47.0	0
  48.0	1
  49.0	0.5
  50.0	0
  51.0	0.5
  52.0	0
  53.0	0
  54.0	0.833333
  55.0	0.333333
  56.0	0.142857
  57.0	0
  58.0	0.5
  59.0	1
  60.0	0
  61.0	0
  62.0	0
  63.0	0
  64.0	0.142857
  65.0	0.5
  66.0	0
  67.0	0.5
  68.0	1.25
  69.0	0
  70.0	0.5
  71.0	0
  72.0	1
  73.0	1
  74.0	0
  75.0	0.75
  76.0	1
  77.0	1
  78.0	0.5
  79.0	0
  80.0	0.5
  81.0	0
  82.0	0.666667
  83.0	0
  84.0	0.75
  85.0	0.333333
  86.0	0
  87.0	0
  88.0	0
  89.0	0.333333
  90.0	0
  91.0	0
  92.0	0.142857
  93.0	0
  94.0	0.5
  95.0	1
  96.0	0.5
  97.0	0.333333
  98.0	0
  99.0	0.333333
 100.0	0
 101.0	0
 102.0	1
 103.0	0
 104.0	0
 105.0	0
 106.0	0
 107.0	0
 108.0	0.333333
 109.0	0
 110.0	1
 111.0	1.5
 112.0	0.5
 113.0	0
 114.0	0
 115.0	0.25
 116.0	0.5
 117.0	0.5
 118.0	0
 119.0	0
 120.0	0
 121.0	0
 122.0	0
 123.0	0
 124.0	0.333333
 125.0	1.66667
 126.0	0
 127.0	0
 128.0	0.333333
 129.0	0.5
 130.0	0.5
 131.0	0.25
 132.0	0
 133.0	0.5
 134.0	0
 135.0	0
 136.0	0
 137.0	0
 138.0	1.5
 139.0	0
 140.0	1.5
 141.0	0
 142.0	0.5
 143.0	0
 144.0	0
 145.0	0.5
 146.0	0
 147.0	0.5
 148.0	0
 149.0	0
 150.0	0.5
 151.0	0.5
 152.0	0
 153.0	0
 154.0	0
 155.0	0
 156.0	0
 157.0	0.5
 158.0	0.5
 159.0	0
 160.0	0.333333
 161.0	0
 162.0	0
 163.0	0
 164.0	0
 165.0	0
 166.0	0
 167.0	0
 168.0	0
 169.0	0
 170.0	0
 171.0	0
 172.0	0
 173.0	0
 174.0	1
 175.0	0
 176.0	0.5
 177.0	0
 178.0	0.25
 179.0	1
 180.0	0
 181.0	0
 182.0	0
 183.0	1
 184.0	0.333333
 185.0	0
 186.0	0.5
 187.0	0
 188.0	0.142857
 189.0	0
 190.0	0
 191.0	0
 192.0	0
 193.0	0
 194.0	0
 195.0	0
 196.0	0.142857
 197.0	0.333333
 198.0	0
 199.0	0
 200.0	0
 201.0	0
 202.0	0
 203.0	0
 204.0	0
 205.0	0
 206.0	0
 207.0	0
 208.0	0
 209.0	0
 210.0	0
 211.0	0
 212.0	0
 213.0	0
 214.0	0.5
 215.0	0
 216.0	0
 217.0	0
 218.0	0
 219.0	0
 220.0	0
 221.0	0
 222.0	0
 223.0	0.5
 224.0	0
 225.0	0
 226.0	0
 227.0	0.333333
 228.0	0.75
 229.0	0
 230.0	0
 231.0	0.333333
 232.0	0.25
 233.0	0
 234.0	0
 235.0	0
 236.0	0
 237.0	0
 238.0	0
 239.0	0
 240.0	0
 241.0	0
 242.0	0
 243.0	0
 244.0	0
 245.0	0
 246.0	0
 247.0	0
DB 2 MOTIF	M0772_1.02	elt-7
-244.0	0
-243.0	0
-242.0	0
-241.0	0
-240.0	0
-239.0	0
-238.0	0
-237.0	0
-236.0	0
-235.0	0
-234.0	0
-233.0	1
-232.0	0
-231.0	0
-230.0	0
-229.0	1
-228.0	0
-227.0	0
-226.0	0
-225.0	0
-224.0	0
-223.0	0
-222.0	0
-221.0	0
-220.0	0
-219.0	0
-218.0	0
-217.0	0
-216.0	0
-215.0	1
-214.0	0
-213.0	0
-212.0	0
-211.0	0
-210.0	0
-209.0	0
-208.0	0
-207.0	0
-206.0	0
-205.0	0
-204.0	0
-203.0	0
-202.0	0
-201.0	0
-200.0	0
-199.0	0
-198.0	0
-197.0	0
-196.0	1
-195.0	0
-194.0	0
-193.0	0
-192.0	0
-191.0	0
-190.0	0
-189.0	0
-188.0	0
-187.0	0
-186.0	0
-185.0	0
-184.0	0
-183.0	0
-182.0	0
-181.0	1
-180.0	0
-179.0	1
-178.0	0
-177.0	0
-176.0	0
-175.0	0
-174.0	1
-173.0	0
-172.0	0
-171.0	1
-170.0	0
-169.0	0
-168.0	0
-167.0	0
-166.0	0
-165.0	0
-164.0	0
-163.0	1
-162.0	0
-161.0	0
-160.0	0
-159.0	0
-158.0	0
-157.0	0
-156.0	0
-155.0	0
-154.0	0
-153.0	0
-152.0	1
-151.0	0
-150.0	0
-149.0	0
-148.0	1
-147.0	0
-146.0	0
-145.0	0
-144.0	1
-143.0	0
-142.0	0
-141.0	0
-140.0	0
-139.0	0
-138.0	1
-137.0	0
-136.0	0
-135.0	1
-134.0	0
-133.0	0
-132.0	0
-131.0	0
-130.0	0
-129.0	0
-128.0	0
-127.0	0
-126.0	1
-125.0	0
-124.0	0
-123.0	0
-122.0	0
-121.0	0
-120.0	0
-119.0	0
-118.0	0
-117.0	1
-116.0	0
-115.0	0
-114.0	0
-113.0	0
-112.0	0
-111.0	0
-110.0	0
-109.0	0
-108.0	0
-107.0	0
-106.0	0
-105.0	0
-104.0	0
-103.0	0
-102.0	0
-101.0	0
-100.0	0
 -99.0	0
 -98.0	0
 -97.0	1
 -96.0	0
 -95.0	0
 -94.0	0
 -93.0	0
 -92.0	0
 -91.0	1
 -90.0	0
 -89.0	0
 -88.0	0
 -87.0	0
 -86.0	0
 -85.0	0
 -84.0	0
 -83.0	1
 -82.0	0
 -81.0	0
 -80.0	0
 -79.0	0
 -78.0	0
 -77.0	0
 -76.0	0
 -75.0	0
 -74.0	0
 -73.0	1
 -72.0	0
 -71.0	0
 -70.0	0
 -69.0	0
 -68.0	0
 -67.0	0
 -66.0	0
 -65.0	0
 -64.0	0
 -63.0	0
 -62.0	0
 -61.0	0
 -60.0	1
 -59.0	0
 -58.0	0
 -57.0	1
 -56.0	1
 -55.0	0
 -54.0	0
 -53.0	0
 -52.0	0
 -51.0	1
 -50.0	0
 -49.0	0
 -48.0	0
 -47.0	0
 -46.0	0
 -45.0	0
 -44.0	1
 -43.0	0
 -42.0	0
 -41.0	0
 -40.0	0
 -39.0	0
 -38.0	1
 -37.0	0
 -36.0	0
 -35.0	1
 -34.0	0
 -33.0	1
 -32.0	1
 -31.0	0
 -30.0	0
 -29.0	2
 -28.0	0
 -27.0	1
 -26.0	0
 -25.0	1
 -24.0	1
 -23.0	0
 -22.0	1
 -21.0	0
 -20.0	0
 -19.0	0
 -18.0	0
 -17.0	1
 -16.0	2
 -15.0	0
 -14.0	2
 -13.0	0
 -12.0	1
 -11.0	0
 -10.0	1
  -9.0	0
  -8.0	0
  -7.0	0
  -6.0	0
  -5.0	1
  -4.0	1
  -3.0	1
  -2.0	0
  -1.0	0
   0.0	0
   1.0	0
   2.0	2
   3.0	2
   4.0	1
   5.0	1
   6.0	2
   7.0	0
   8.0	2
   9.0	2
  10.0	0
  11.0	0
  12.0	0
  13.0	0
  14.0	0
  15.0	0
  16.0	0
  17.0	1
  18.0	0
  19.0	0
  20.0	0
  21.0	1
  22.0	0
  23.0	0
  24.0	1
  25.0	0
  26.0	1
  27.0	0
  28.0	0
  29.0	1
  30.0	1
  31.0	0
  32.0	0
  33.0	1
  34.0	0
  35.0	1
  36.0	1
  37.0	2
  38.0	1
  39.0	1
  40.0	0
  41.0	0
  42.0	1
  43.0	2
  44.0	0
  45.0	0
  46.0	1
  47.0	1
  48.0	0
  49.0	0
  50.0	2
  51.0	1
  52.0	0
  53.0	0
  54.0	0
  55.0	0
  56.0	0
  57.0	1
  58.0	0
  59.0	0
  60.0	0
  61.0	0
  62.0	0
  63.0	0
  64.0	0
  65.0	0
  66.0	0
  67.0	0
  68.0	1
  69.0	1
  70.0	0
  71.0	1
  72.0	0
  73.0	0
  74.0	1
  75.0	1
  76.0	1
  77.0	0
  78.0	0
  79.0	1
  80.0	0
  81.0	0
  82.0	0
  83.0	1
  84.0	1
  85.0	0
  86.0	1
  87.0	0
  88.0	1
  89.0	0
  90.0	0
  91.0	0
  92.0	0
  93.0	2
  94.0	0
  95.0	1
  96.0	0
  97.0	1
  98.0	1
  99.0	0
 100.0	0
 101.0	0
 102.0	1
 103.0	1
 104.0	0
 105.0	0
 106.0	0
 107.0	1
 108.0	0
 109.0	1
 110.0	0
 111.0	0
 112.0	1
 113.0	1
 114.0	0
 115.0	1
 116.0	1
 117.0	1
 118.0	0
 119.0	0
 120.0	0
 121.0	0
 122.0	0
 123.0	0
 124.0	1
 125.0	0
 126.0	1
 127.0	0
 128.0	0
 129.0	0
 130.0	1
 131.0	0
 132.0	0
 133.0	0
 134.0	0
 135.0	0
 136.0	0
 137.0	0
 138.0	0
 139.0	1
 140.0	0
 141.0	1
 142.0	0
 143.0	0
 144.0	0
 145.0	0
 146.0	0
 147.0	0
 148.0	1
 149.0	1
 150.0	0
 151.0	1
 152.0	0
 153.0	0
 154.0	0
 155.0	0
 156.0	2
 157.0	0
 158.0	0
 159.0	0
 160.0	1
 161.0	0
 162.0	0
 163.0	0
 164.0	0
 165.0	0
 166.0	0
 167.0	0
 168.0	0
 169.0	0
 170.0	0
 171.0	0
 172.0	0
 173.0	0
 174.0	0
 175.0	1
 176.0	0
 177.0	1
 178.0	0
 179.0	0
 180.0	1
 181.0	0
 182.0	0
 183.0	1
 184.0	0
 185.0	1
 186.0	1
 187.0	0
 188.0	0
 189.0	0
 190.0	0
 191.0	0
 192.0	0
 193.0	1
 194.0	0
 195.0	0
 196.0	0
 197.0	1
 198.0	0
 199.0	0
 200.0	0
 201.0	0
 202.0	0
 203.0	0
 204.0	0
 205.0	0
 206.0	0
 207.0	0
 208.0	0
 209.0	0
 210.0	0
 211.0	1
 212.0	0
 213.0	0
 214.0	0
 215.0	0
 216.0	0
 217.0	0
 218.0	0
 219.0	0
 220.0	0
 221.0	0
 222.0	1
 223.0	0
 224.0	0
 225.0	0
 226.0	0
 227.0	0
 228.0	0
 229.0	1
 230.0	0
 231.0	1
 232.0	0
 233.0	0
 234.0	0
 235.0	0
 236.0	0
 237.0	0
 238.0	0
 239.0	0
 240.0	0
 241.0	0
 242.0	0
 243.0	0
 244.0	0
DB 2 MOTIF	M0786_1.02	elt-6
-246.0	0
-245.0	0
-244.0	0
-243.0	0
-242.0	0
-241.0	0
-240.0	0
-239.0	0
-238.0	0
-237.0	0
-236.0	0
-235.0	0
-234.0	0
-233.0	0
-232.0	1
-231.0	0
-230.0	0
-229.0	0
-228.0	0
-227.0	0
-226.0	0
-225.0	0
-224.0	0
-223.0	0
-222.0	0
-221.0	0
-220.0	0
-219.0	0
-218.0	0
-217.0	0
-216.0	1
-215.0	0
-214.0	0
-213.0	0
-212.0	0
-211.0	0
-210.0	0
-209.0	0
-208.0	0
-207.0	0
-206.0	0
-205.0	0
-204.0	0
-203.0	0
-202.0	0
-201.0	0
-200.0	0
-199.0	0
-198.0	0
-197.0	0
-196.0	0
-195.0	0
-194.0	0
-193.0	0
-192.0	0
-191.0	0
-190.0	0
-189.0	0
-188.0	0
-187.0	0
-186.0	0
-185.0	0
-184.0	0
-183.0	0
-182.0	0
-181.0	0
-180.0	0
-179.0	0
-178.0	1
-177.0	0
-176.0	0
-175.0	1
-174.0	0
-173.0	0
-172.0	0
-171.0	0
-170.0	1
-169.0	0
-168.0	0
-167.0	0
-166.0	0
-165.0	0
-164.0	0
-163.0	0
-162.0	0
-161.0	0
-160.0	0
-159.0	0
-158.0	0
-157.0	0
-156.0	0
-155.0	0
-154.0	0
-153.0	0
-152.0	0
-151.0	1.5
-150.0	0
-149.0	0
-148.0	0
-147.0	0
-146.0	0
-145.0	0
-144.0	0
-143.0	0
-142.0	0
-141.0	0
-140.0	0
-139.0	1
-138.0	0
-137.0	0
-136.0	0
-135.0	0
-134.0	0
-133.0	0
-132.0	0
-131.0	0
-130.0	0
-129.0	1
-128.0	0
-127.0	1
-126.0	0
-125.0	0
-124.0	0
-123.0	0
-122.0	0.5
-121.0	0
-120.0	0
-119.0	0
-118.0	0
-117.0	0
-116.0	1
-115.0	0
-114.0	0
-113.0	0
-112.0	0
-111.0	0
-110.0	0
-109.0	0
-108.0	0
-107.0	0
-106.0	1
-105.0	0
-104.0	0
-103.0	0
-102.0	0
-101.0	0
-100.0	0
 -99.0	0
 -98.0	0
 -97.0	0
 -96.0	0.5
 -95.0	0
 -94.0	0
 -93.0	0
 -92.0	0
 -91.0	0
 -90.0	1
 -89.0	0
 -88.0	0
 -87.0	0
 -86.0	0
 -85.0	0
 -84.0	1
 -83.0	0
 -82.0	0
 -81.0	0
 -80.0	0
 -79.0	0
 -78.0	0
 -77.0	0
 -76.0	0
 -75.0	0
 -74.0	0
 -73.0	0
 -72.0	0
 -71.0	0
 -70.0	0
 -69.0	0
 -68.0	0
 -67.0	0
 -66.0	0
 -65.0	0
 -64.0	0
 -63.0	0
 -62.0	0
 -61.0	1
 -60.0	0
 -59.0	0
 -58.0	1
 -57.0	0
 -56.0	1
 -55.0	1
 -54.0	0
 -53.0	0
 -52.0	0
 -51.0	0
 -50.0	0
 -49.0	0
 -48.0	0
 -47.0	0
 -46.0	1.5
 -45.0	1
 -44.0	0
 -43.0	0
 -42.0	0
 -41.0	1
 -40.0	0
 -39.0	1
 -38.0	0
 -37.0	0
 -36.0	1.5
 -35.0	0
 -34.0	1
 -33.0	2
 -32.0	0
 -31.0	0
 -30.0	0
 -29.0	0
 -28.0	2
 -27.0	0
 -26.0	0
 -25.0	1
 -24.0	2
 -23.0	0
 -22.0	0
 -21.0	2
 -20.0	0
 -19.0	0
 -18.0	0
 -17.0	1
 -16.0	1
 -15.0	1
 -14.0	0
 -13.0	1
 -12.0	0
 -11.0	1
 -10.0	1
  -9.0	0
  -8.0	0
  -7.0	0
  -6.0	0
  -5.0	0
  -4.0	1
  -3.0	1
  -2.0	1
  -1.0	0
   0.0	0
   1.0	0
   2.0	0
   3.0	1
   4.0	1
   5.0	1
   6.0	0
   7.0	4
   8.0	0
   9.0	0
  10.0	2
  11.0	0
  12.0	0
  13.0	2
  14.0	1
  15.0	1
  16.0	1
  17.0	0
  18.0	0
  19.0	1
  20.0	0
  21.0	1
  22.0	0
  23.0	1
  24.0	0
  25.0	2
  26.0	1
  27.0	0
  28.0	0
  29.0	0
  30.0	0
  31.0	2
  32.0	0
  33.0	0
  34.0	0
  35.0	1
  36.0	1
  37.0	1
  38.0	0
  39.0	0
  40.0	2
  41.0	1
  42.0	1
  43.0	1
  44.0	2
  45.0	0
  46.0	1
  47.0	0
  48.0	0
  49.0	1
  50.0	0
  51.0	2
  52.0	1
  53.0	0
  54.0	1
  55.0	1
  56.0	0
  57.0	0
  58.0	0
  59.0	1
  60.0	0
  61.0	0
  62.0	0
  63.0	0
  64.0	0
  65.0	0
  66.0	0
  67.0	1
  68.0	1
  69.0	0
  70.0	1
  71.0	0.5
  72.0	0
  73.0	1
  74.0	0
  75.0	1
  76.0	2
  77.0	1
  78.0	1
  79.0	0
  80.0	0
  81.0	0
  82.0	0
  83.0	0
  84.0	0
  85.0	1.5
  86.0	0
  87.0	0
  88.0	0
  89.0	0
  90.0	0
  91.0	0
  92.0	0
  93.0	0
  94.0	0
  95.0	1
  96.0	0.5
  97.0	1
  98.0	0
  99.0	1
 100.0	0
 101.0	0
 102.0	1
 103.0	0
 104.0	0
 105.0	1
 106.0	0
 107.0	0
 108.0	0.5
 109.0	0
 110.0	0.5
 111.0	1
 112.0	1
 113.0	0
 114.0	0
 115.0	0
 116.0	1
 117.0	1
 118.0	1
 119.0	0
 120.0	0
 121.0	0
 122.0	0
 123.0	0
 124.0	0.5
 125.0	1
 126.0	0
 127.0	1
 128.0	0.5
 129.0	2
 130.0	0
 131.0	0
 132.0	0
 133.0	0
 134.0	0
 135.0	0
 136.0	0
 137.0	0
 138.0	1
 139.0	0
 140.0	1
 141.0	0
 142.0	0
 143.0	0
 144.0	0
 145.0	0.5
 146.0	0
 147.0	1
 148.0	0
 149.0	0
 150.0	1
 151.0	0
 152.0	1
 153.0	0
 154.0	0
 155.0	0
 156.0	0
 157.0	1
 158.0	0
 159.0	1
 160.0	0
 161.0	0
 162.0	0
 163.0	0
 164.0	0
 165.0	0
 166.0	0
 167.0	0
 168.0	1
 169.0	0
 170.0	0
 171.0	0
 172.0	0
 173.0	0
 174.0	1
 175.0	0
 176.0	0
 177.0	0
 178.0	1
 179.0	1
 180.0	0
 181.0	0
 182.0	0
 183.0	1
 184.0	1
 185.0	0
 186.0	0
 187.0	0
 188.0	0
 189.0	0
 190.0	0
 191.0	0
 192.0	0
 193.0	0
 194.0	0
 195.0	0
 196.0	0.5
 197.0	0
 198.0	0
 199.0	0
 200.0	0
 201.0	0
 202.0	0
 203.0	0
 204.0	0
 205.0	0
 206.0	0
 207.0	0
 208.0	0
 209.0	0
 210.0	0
 211.0	0
 212.0	0
 213.0	0
 214.0	0
 215.0	0
 216.0	0
 217.0	0
 218.0	0
 219.0	0
 220.0	0
 221.0	0
 222.0	0
 223.0	0
 224.0	0
 225.0	0
 226.0	0.5
 227.0	0
 228.0	0
 229.0	0
 230.0	0
 231.0	1
 232.0	0.5
 233.0	0
 234.0	0
 235.0	0
 236.0	0
 237.0	0
 238.0	0
 239.0	0
 240.0	0
 241.0	0
 242.0	0
 243.0	0
 244.0	0
 245.0	0
 246.0	0
DB 2 MOTIF	M0787_1.02	end-1
-245.0	0
-244.0	0
-243.0	0
-242.0	0
-241.0	0
-240.0	0
-239.0	0
-238.0	0
-237.0	0
-236.0	0
-235.0	0
-234.0	0
-233.0	1
-232.0	1.5
-231.0	0
-230.0	0
-229.0	0
-228.0	0
-227.0	0
-226.0	0
-225.0	0
-224.0	0
-223.0	0
-222.0	0
-221.0	0
-220.0	0
-219.0	0
-218.0	0
-217.0	0
-216.0	0
-215.0	0
-214.0	0
-213.0	0
-212.0	0
-211.0	0
-210.0	0
-209.0	0
-208.0	0
-207.0	1
-206.0	0
-205.0	0
-204.0	0
-203.0	0
-202.0	0
-201.0	0
-200.0	0
-199.0	0
-198.0	1
-197.0	0
-196.0	0
-195.0	0
-194.0	0
-193.0	0
-192.0	0
-191.0	0
-190.0	0
-189.0	0
-188.0	0
-187.0	0
-186.0	0
-185.0	0
-184.0	0
-183.0	0
-182.0	0
-181.0	0
-180.0	1
-179.0	0
-178.0	1
-177.0	1
-176.0	0
-175.0	3
-174.0	0
-173.0	0
-172.0	0
-171.0	0
-170.0	0
-169.0	0
-168.0	0
-167.0	0
-166.0	0
-165.0	0
-164.0	1
-163.0	0
-162.0	0
-161.0	0
-160.0	0
-159.0	0
-158.0	0
-157.0	0
-156.0	0
-155.0	0
-154.0	0
-153.0	0
-152.0	1
-151.0	0
-150.0	0
-149.0	0
-148.0	0
-147.0	0
-146.0	0
-145.0	0
-144.0	0
-143.0	1
-142.0	0
-141.0	0
-140.0	0
-139.0	1
-138.0	0
-137.0	0
-136.0	0
-135.0	0
-134.0	0
-133.0	0
-132.0	0
-131.0	0
-130.0	0
-129.0	0
-128.0	0
-127.0	0
-126.0	0
-125.0	0
-124.0	0
-123.0	1
-122.0	1
-121.0	0
-120.0	1
-119.0	0
-118.0	0
-117.0	1
-116.0	1
-115.0	0
-114.0	0
-113.0	0
-112.0	0
-111.0	0
-110.0	0
-109.0	0
-108.0	0
-107.0	0
-106.0	0
-105.0	0
-104.0	0
-103.0	0
-102.0	0
-101.0	0
-100.0	0
 -99.0	0
 -98.0	0
 -97.0	0
 -96.0	0
 -95.0	0
 -94.0	0
 -93.0	0
 -92.0	0
 -91.0	0
 -90.0	2
 -89.0	1
 -88.0	0
 -87.0	0
 -86.0	0
 -85.0	0
 -84.0	0
 -83.0	0
 -82.0	0
 -81.0	0
 -80.0	0
 -79.0	0
 -78.0	0
 -77.0	0
 -76.0	0
 -75.0	1
 -74.0	0
 -73.0	1
 -72.0	1
 -71.0	0
 -70.0	0
 -69.0	0
 -68.0	0
 -67.0	0
 -66.0	0
 -65.0	0
 -64.0	0
 -63.0	0
 -62.0	0
 -61.0	0
 -60.0	0
 -59.0	1
 -58.0	0
 -57.0	0
 -56.0	1
 -55.0	0
 -54.0	0
 -53.0	0
 -52.0	0
 -51.0	0
 -50.0	0
 -49.0	0
 -48.0	0
 -47.0	0
 -46.0	1
 -45.0	1
 -44.0	0
 -43.0	0
 -42.0	0
 -41.0	0
 -40.0	0
 -39.0	0
 -38.0	0
 -37.0	0
 -36.0	1
 -35.0	0
 -34.0	0
 -33.0	0
 -32.0	0
 -31.0	0
 -30.0	0
 -29.0	0
 -28.0	1
 -27.0	0
 -26.0	0
 -25.0	1
 -24.0	1
 -23.0	0
 -22.0	0
 -21.0	2
 -20.0	0
 -19.0	0
 -18.0	0
 -17.0	1
 -16.0	0
 -15.0	0
 -14.0	0
 -13.0	0
 -12.0	0
 -11.0	1
 -10.0	0
  -9.0	0
  -8.0	0
  -7.0	0
  -6.0	0
  -5.0	0
  -4.0	1
  -3.0	1
  -2.0	0
  -1.0	0
   0.0	0
   1.0	1
   2.0	0
   3.0	1
   4.0	1
   5.0	2
   6.0	0
   7.0	3
   8.0	0
   9.0	0
  10.0	1
  11.0	1
  12.0	0
  13.0	1
  14.0	1
  15.0	0
  16.0	0
  17.0	0
  18.0	0
  19.0	0
  20.0	0
  21.0	0
  22.0	0
  23.0	0
  24.0	1
  25.0	0
  26.0	0
  27.0	0
  28.0	1
  29.0	1
  30.0	0
  31.0	1
  32.0	0
  33.0	1
  34.0	0
  35.0	1
  36.0	0
  37.0	1
  38.0	0
  39.0	0
  40.0	0
  41.0	0
  42.0	0
  43.0	2
  44.0	2
  45.0	0
  46.0	3
  47.0	0
  48.0	0
  49.0	1
  50.0	1
  51.0	2
  52.0	0
  53.0	0
  54.0	2
  55.0	1
  56.0	0
  57.0	2
  58.0	0
  59.0	0
  60.0	0
  61.0	0
  62.0	0
  63.0	1
  64.0	0
  65.0	0
  66.0	0
  67.0	1
  68.0	2
  69.0	0
  70.0	2
  71.0	0
  72.0	1
  73.0	2
  74.0	0
  75.0	0
  76.0	2
  77.0	0
  78.0	0
  79.0	0
  80.0	0
  81.0	0
  82.0	0
  83.0	0
  84.0	0
  85.0	0
  86.0	0
  87.0	0
  88.0	0
  89.0	1
  90.0	0
  91.0	0
  92.0	0
  93.0	0
  94.0	1
  95.0	0
  96.0	2
  97.0	0
  98.0	0
  99.0	0
 100.0	0
 101.0	0
 102.0	1
 103.0	0
 104.0	0
 105.0	0
 106.0	0
 107.0	0
 108.0	2
 109.0	1
 110.0	0
 111.0	0
 112.0	1
 113.0	0
 114.0	0
 115.0	0
 116.0	1
 117.0	1
 118.0	1
 119.0	0
 120.0	0
 121.0	0
 122.0	0
 123.0	0
 124.0	1
 125.0	1
 126.0	0
 127.0	0
 128.0	1
 129.0	1
 130.0	0
 131.0	1
 132.0	0
 133.0	0
 134.0	0
 135.0	0
 136.0	0
 137.0	0
 138.0	1
 139.0	0
 140.0	1
 141.0	0
 142.0	0
 143.0	0
 144.0	0
 145.0	0
 146.0	1
 147.0	1
 148.0	0
 149.0	0
 150.0	2
 151.0	0
 152.0	1
 153.0	0
 154.0	0
 155.0	0
 156.0	0
 157.0	1
 158.0	0
 159.0	0
 160.0	0
 161.0	0
 162.0	0
 163.0	0
 164.0	0
 165.0	0
 166.0	0
 167.0	0
 168.0	1
 169.0	0
 170.0	0
 171.0	0
 172.0	0
 173.0	0
 174.0	0
 175.0	0
 176.0	0
 177.0	0
 178.0	1
 179.0	0
 180.0	1
 181.0	0
 182.0	0
 183.0	0
 184.0	1
 185.0	0
 186.0	0
 187.0	0
 188.0	0
 189.0	0
 190.0	0
 191.0	0
 192.0	1
 193.0	0
 194.0	0
 195.0	0
 196.0	1
 197.0	0
 198.0	0
 199.0	0
 200.0	0
 201.0	0
 202.0	0
 203.0	0
 204.0	0
 205.0	0
 206.0	0
 207.0	3
 208.0	1
 209.0	0
 210.0	0
 211.0	0
 212.0	0.5
 213.0	0
 214.0	1
 215.0	0
 216.0	0
 217.0	0
 218.0	0
 219.0	0
 220.0	0
 221.0	0
 222.0	0
 223.0	1
 224.0	0
 225.0	0
 226.0	0
 227.0	0
 228.0	1
 229.0	0
 230.0	0
 231.0	0
 232.0	0
 233.0	1
 234.0	1
 235.0	0
 236.0	0
 237.0	0
 238.0	1
 239.0	0
 240.0	0
 241.0	0
 242.0	0
 243.0	0
 244.0	0
 245.0	0
DB 2 MOTIF	M0788_1.02	end-3
-245.0	0
-244.0	0
-243.0	0
-242.0	0
-241.0	0
-240.0	0
-239.0	0
-238.0	0
-237.0	0
-236.0	0
-235.0	0
-234.0	0
-233.0	0
-232.0	1.5
-231.0	0
-230.0	0
-229.0	0
-228.0	0
-227.0	0
-226.0	0
-225.0	0
-224.0	0
-223.0	0
-222.0	0
-221.0	0
-220.0	0
-219.0	0
-218.0	0
-217.0	0
-216.0	0
-215.0	0
-214.0	0
-213.0	0
-212.0	0
-211.0	0
-210.0	0
-209.0	0
-208.0	0
-207.0	1
-206.0	0
-205.0	0
-204.0	1
-203.0	0
-202.0	0
-201.0	0
-200.0	0
-199.0	0
-198.0	1
-197.0	1
-196.0	0
-195.0	0
-194.0	0
-193.0	0
-192.0	0
-191.0	0
-190.0	0
-189.0	1
-188.0	0
-187.0	0
-186.0	0
-185.0	0
-184.0	0
-183.0	0
-182.0	0
-181.0	0
-180.0	0
-179.0	0
-178.0	0
-177.0	0
-176.0	0
-175.0	1
-174.0	0
-173.0	0
-172.0	0
-171.0	0
-170.0	0
-169.0	0
-168.0	0
-167.0	0
-166.0	0
-165.0	0
-164.0	0
-163.0	0
-162.0	0
-161.0	0
-160.0	0
-159.0	0
-158.0	0
-157.0	0
-156.0	0
-155.0	0
-154.0	0
-153.0	0
-152.0	1
-151.0	0
-150.0	0
-149.0	0
-148.0	0
-147.0	0
-146.0	0
-145.0	0
-144.0	0
-143.0	1
-142.0	0
-141.0	0
-140.0	0
-139.0	1
-138.0	0
-137.0	0
-136.0	0
-135.0	0
-134.0	0
-133.0	0
-132.0	0
-131.0	0
-130.0	0
-129.0	0
-128.0	0
-127.0	0
-126.0	0
-125.0	0
-124.0	0
-123.0	0
-122.0	0
-121.0	0
-120.0	1
-119.0	0
-118.0	0
-117.0	0
-116.0	1
-115.0	0
-114.0	0
-113.0	0
-112.0	0
-111.0	0
-110.0	0
-109.0	0
-108.0	0
-107.0	0
-106.0	0
-105.0	0
-104.0	0
-103.0	0
-102.0	0
-101.0	0
-100.0	0
 -99.0	0
 -98.0	1
 -97.0	0
 -96.0	0
 -95.0	0
 -94.0	0
 -93.0	0
 -92.0	0
 -91.0	0
 -90.0	2
 -89.0	1
 -88.0	0
 -87.0	0
 -86.0	0
 -85.0	0
 -84.0	0
 -83.0	0
 -82.0	0
 -81.0	0
 -80.0	0
 -79.0	0
 -78.0	0
 -77.0	0
 -76.0	1
 -75.0	0
 -74.0	0
 -73.0	1
 -72.0	1
 -71.0	0
 -70.0	0
 -69.0	0
 -68.0	0
 -67.0	0
 -66.0	0
 -65.0	0
 -64.0	0
 -63.0	0
 -62.0	0
 -61.0	0
 -60.0	0
 -59.0	0
 -58.0	1
 -57.0	0
 -56.0	1
 -55.0	0
 -54.0	0
 -53.0	0
 -52.0	0
 -51.0	0
 -50.0	1
 -49.0	0
 -48.0	0
 -47.0	0
 -46.0	0
 -45.0	1
 -44.0	0
 -43.0	0
 -42.0	0
 -41.0	0
 -40.0	0
 -39.0	0
 -38.0	0
 -37.0	0
 -36.0	1.5
 -35.0	0
 -34.0	2
 -33.0	0
 -32.0	0
 -31.0	0
 -30.0	1
 -29.0	0
 -28.0	0
 -27.0	0
 -26.0	0
 -25.0	1
 -24.0	1
 -23.0	0
 -22.0	0
 -21.0	1
 -20.0	0
 -19.0	0
 -18.0	0
 -17.0	1
 -16.0	0
 -15.0	1
 -14.0	0
 -13.0	0
 -12.0	0
 -11.0	1
 -10.0	0
  -9.0	1
  -8.0	0
  -7.0	0
  -6.0	0
  -5.0	0
  -4.0	1
  -3.0	1
  -2.0	0
  -1.0	0
   0.0	0
   1.0	2
   2.0	0
   3.0	1
   4.0	1
   5.0	2
   6.0	1
   7.0	5
   8.0	0
   9.0	0
  10.0	1
  11.0	1
  12.0	0
  13.0	2
  14.0	1
  15.0	1
  16.0	0
  17.0	0
  18.0	0
  19.0	0
  20.0	0
  21.0	0
  22.0	0
  23.0	0
  24.0	0
  25.0	0
  26.0	0
  27.0	0
  28.0	2
  29.0	0
  30.0	0
  31.0	3
  32.0	0
  33.0	1
  34.0	0
  35.0	1
  36.0	1
  37.0	1
  38.0	0
  39.0	0
  40.0	1
  41.0	0
  42.0	1
  43.0	2
  44.0	2
  45.0	0
  46.0	1
  47.0	0
  48.0	0
  49.0	1
  50.0	1
  51.0	1
  52.0	0
  53.0	0
  54.0	2
  55.0	2
  56.0	0
  57.0	1
  58.0	0
  59.0	0
  60.0	0
  61.0	0
  62.0	0
  63.0	1
  64.0	0
  65.0	0
  66.0	0
  67.0	1
  68.0	2
  69.0	0
  70.0	1
  71.0	0
  72.0	1
  73.0	2
  74.0	0
  75.0	1
  76.0	2
  77.0	0
  78.0	0
  79.0	0
  80.0	0
  81.0	0
  82.0	0
  83.0	0
  84.0	0
  85.0	0
  86.0	1
  87.0	1
  88.0	0
  89.0	1
  90.0	0
  91.0	0
  92.0	0
  93.0	0
  94.0	0
  95.0	0
  96.0	1
  97.0	1
  98.0	0
  99.0	1
 100.0	0
 101.0	0
 102.0	0
 103.0	0
 104.0	0
 105.0	0
 106.0	0
 107.0	0
 108.0	2
 109.0	0
 110.0	0
 111.0	1
 112.0	1
 113.0	0
 114.0	0
 115.0	0
 116.0	1
 117.0	1
 118.0	1
 119.0	0
 120.0	0
 121.0	0
 122.0	0
 123.0	0
 124.0	1
 125.0	1
 126.0	0
 127.0	0
 128.0	0
 129.0	1
 130.0	0
 131.0	0
 132.0	0
 133.0	0
 134.0	0
 135.0	0
 136.0	0
 137.0	0
 138.0	1
 139.0	0
 140.0	1
 141.0	0
 142.0	0
 143.0	0
 144.0	0
 145.0	0
 146.0	1
 147.0	1
 148.0	0
 149.0	0
 150.0	1
 151.0	0
 152.0	2
 153.0	0
 154.0	1
 155.0	0
 156.0	0
 157.0	1
 158.0	0
 159.0	0
 160.0	0
 161.0	0
 162.0	0
 163.0	0
 164.0	0
 165.0	0
 166.0	0
 167.0	0
 168.0	0
 169.0	0
 170.0	0
 171.0	0
 172.0	0
 173.0	0
 174.0	1
 175.0	0
 176.0	0
 177.0	0
 178.0	1
 179.0	0
 180.0	0
 181.0	0
 182.0	0
 183.0	0
 184.0	1
 185.0	0
 186.0	1
 187.0	0
 188.0	1
 189.0	0
 190.0	0
 191.0	0
 192.0	1
 193.0	0
 194.0	0
 195.0	0
 196.0	0
 197.0	0
 198.0	0
 199.0	0
 200.0	0
 201.0	0
 202.0	0
 203.0	0
 204.0	0
 205.0	0
 206.0	0
 207.0	1
 208.0	0
 209.0	0
 210.0	0
 211.0	0
 212.0	0.5
 213.0	0
 214.0	0
 215.0	0
 216.0	0
 217.0	0
 218.0	0
 219.0	0
 220.0	0
 221.0	0
 222.0	0
 223.0	0
 224.0	0
 225.0	0
 226.0	0
 227.0	0
 228.0	1
 229.0	0
 230.0	0
 231.0	0
 232.0	0.5
 233.0	2
 234.0	0
 235.0	0
 236.0	0
 237.0	0
 238.0	0
 239.0	0
 240.0	0
 241.0	0
 242.0	0
 243.0	0
 244.0	0
 245.0	0
DB 2 MOTIF	M2335_1.02	elt-3
-246.0	0
-245.0	0
-244.0	0
-243.0	0
-242.0	0
-241.0	0
-240.0	0
-239.0	0
-238.0	0
-237.0	0
-236.0	0
-235.0	0
-234.0	0
-233.0	0.333333
-232.0	0
-231.0	1
-230.0	0
-229.0	0
-228.0	0
-227.0	0
-226.0	0
-225.0	0
-224.0	0
-223.0	0
-222.0	0
-221.0	0
-220.0	0
-219.0	0
-218.0	0
-217.0	0
-216.0	0
-215.0	0
-214.0	0
-213.0	0
-212.0	0
-211.0	0
-210.0	1
-209.0	0
-208.0	0
-207.0	0
-206.0	0
-205.0	1
-204.0	0
-203.0	1
-202.0	0
-201.0	0
-200.0	0
-199.0	0
-198.0	0
-197.0	0
-196.0	0
-195.0	0
-194.0	0
-193.0	0
-192.0	0.5
-191.0	0
-190.0	0
-189.0	0
-188.0	0
-187.0	0.5
-186.0	0
-185.0	0
-184.0	0
-183.0	0
-182.0	0
-181.0	0
-180.0	1
-179.0	1
-178.0	1
-177.0	0
-176.0	0
-175.0	0
-174.0	1
-173.0	0
-172.0	0
-171.0	2
-170.0	0
-169.0	0
-168.0	0
-167.0	0
-166.0	0
-165.0	0.333333
-164.0	0
-163.0	1
-162.0	0
-161.0	0
-160.0	0
-159.0	0
-158.0	0
-157.0	0
-156.0	0
-155.0	0
-154.0	0
-153.0	1
-152.0	0
-151.0	0
-150.0	0
-149.0	0
-148.0	0
-147.0	0
-146.0	0
-145.0	0
-144.0	0
-143.0	0
-142.0	0
-141.0	0
-140.0	0
-139.0	0
-138.0	0
-137.0	0
-136.0	0
-135.0	0
-134.0	0
-133.0	0
-132.0	0
-131.0	0
-130.0	0
-129.0	0
-128.0	0
-127.0	0
-126.0	0
-125.0	0
-124.0	0
-123.0	0
-122.0	0
-121.0	0
-120.0	0
-119.0	1
-118.0	0
-117.0	1
-116.0	0
-115.0	0
-114.0	0
-113.0	0
-112.0	0
-111.0	0
-110.0	0
-109.0	0
-108.0	0
-107.0	0
-106.0	0
-105.0	0
-104.0	0
-103.0	0
-102.0	1
-101.0	0
-100.0	0
 -99.0	0
 -98.0	0
 -97.0	0
 -96.0	0
 -95.0	0
 -94.0	1
 -93.0	0
 -92.0	0
 -91.0	1
 -90.0	0
 -89.0	0
 -88.0	0
 -87.0	0
 -86.0	0
 -85.0	0
 -84.0	1.5
 -83.0	1
 -82.0	0
 -81.0	0
 -80.0	0
 -79.0	0
 -78.0	0
 -77.0	0
 -76.0	0.5
 -75.0	0
 -74.0	0
 -73.0	0
 -72.0	0
 -71.0	0
 -70.0	0
 -69.0	0
 -68.0	1
 -67.0	0
 -66.0	0
 -65.0	0
 -64.0	0
 -63.0	0
 -62.0	0
 -61.0	1.25
 -60.0	1
 -59.0	0
 -58.0	0
 -57.0	2
 -56.0	0
 -55.0	0
 -54.0	0
 -53.0	0
 -52.0	0
 -51.0	0
 -50.0	0
 -49.0	0
 -48.0	0
 -47.0	0
 -46.0	0
 -45.0	1
 -44.0	1
 -43.0	0
 -42.0	0
 -41.0	0
 -40.0	0
 -39.0	0
 -38.0	0.5
 -37.0	0
 -36.0	0
 -35.0	0
 -34.0	1
 -33.0	1
 -32.0	2
 -31.0	0
 -30.0	0
 -29.0	2
 -28.0	0
 -27.0	0.5
 -26.0	0
 -25.0	0
 -24.0	1
 -23.0	0
 -22.0	1
 -21.0	0
 -20.0	0
 -19.0	0.25
 -18.0	0
 -17.0	1
 -16.0	2
 -15.0	0
 -14.0	0
 -13.0	0
 -12.0	1
 -11.0	0
 -10.0	1
  -9.0	1
  -8.0	0.5
  -7.0	0
  -6.0	1
  -5.0	1
  -4.0	1
  -3.0	1
  -2.0	0
  -1.0	1
   0.0	0
   1.0	0
   2.0	1.33333
   3.0	0
   4.0	0.5
   5.0	1.5
   6.0	1
   7.0	0.5
   8.0	2.5
   9.0	3
  10.0	0
  11.0	0
  12.0	1
  13.0	0.5
  14.0	0
  15.0	0
  16.0	0
  17.0	1
  18.0	0
  19.0	0
  20.0	0
  21.0	0
  22.0	0
  23.0	1
  24.0	1.5
  25.0	0
  26.0	1
  27.0	2
  28.0	0
  29.0	1
  30.0	1
  31.0	0
  32.0	2
  33.0	0
  34.0	0
  35.0	0
  36.0	0.5
  37.0	1
  38.0	0
  39.0	0
  40.0	1
  41.0	1
  42.0	1
  43.0	2
  44.0	0
  45.0	0
  46.0	0
  47.0	0.5
  48.0	0
  49.0	0
  50.0	1
  51.0	0
  52.0	0
  53.0	1
  54.0	0.333333
  55.0	1
  56.0	0
  57.0	0
  58.0	2
  59.0	0
  60.0	0
  61.0	0
  62.0	0
  63.0	0
  64.0	0
  65.0	0
  66.0	0
  67.0	0
  68.0	0.5
  69.0	2
  70.0	0
  71.0	0
  72.0	0
  73.0	0
  74.0	1
  75.0	2
  76.0	1
  77.0	1
  78.0	0
  79.0	1
  80.0	0
  81.0	0
  82.0	0
  83.0	1
  84.0	1
  85.0	0
  86.0	0
  87.0	0
  88.0	1
  89.0	0
  90.0	0.333333
  91.0	0
  92.0	0
  93.0	0
  94.0	0
  95.0	0
  96.0	1
  97.0	0.5
  98.0	1.5
  99.0	0
 100.0	0
 101.0	0
 102.0	0
 103.0	1
 104.0	0
 105.0	0
 106.0	0
 107.0	0
 108.0	0
 109.0	0.5
 110.0	0
 111.0	0
 112.0	1
 113.0	1
 114.0	0
 115.0	0.333333
 116.0	2
 117.0	0
 118.0	0
 119.0	0
 120.0	0
 121.0	0
 122.0	0
 123.0	0
 124.0	1
 125.0	0
 126.0	0
 127.0	0.5
 128.0	0
 129.0	0
 130.0	1
 131.0	1
 132.0	0
 133.0	0
 134.0	0
 135.0	0
 136.0	0
 137.0	0
 138.0	0
 139.0	1
 140.0	0
 141.0	1
 142.0	0
 143.0	0.5
 144.0	0
 145.0	0
 146.0	0.5
 147.0	0
 148.0	1
 149.0	1
 150.0	1
 151.0	1.25
 152.0	0
 153.0	0
 154.0	0
 155.0	0
 156.0	1
 157.0	0
 158.0	0
 159.0	1
 160.0	0
 161.0	0
 162.0	0
 163.0	0
 164.0	0
 165.0	0
 166.0	0
 167.0	0
 168.0	0
 169.0	0
 170.0	0
 171.0	0
 172.0	0
 173.0	0
 174.0	0
 175.0	1
 176.0	0
 177.0	0
 178.0	0
 179.0	0
 180.0	1.25
 181.0	0
 182.0	2
 183.0	0
 184.0	0
 185.0	1
 186.0	0
 187.0	1
 188.0	0
 189.0	0
 190.0	0
 191.0	0
 192.0	0
 193.0	0
 194.0	0
 195.0	0
 196.0	0
 197.0	0
 198.0	0
 199.0	0
 200.0	0
 201.0	0
 202.0	0
 203.0	0
 204.0	0
 205.0	0
 206.0	0
 207.0	0
 208.0	0
 209.0	0
 210.0	0
 211.0	0.5
 212.0	0
 213.0	0
 214.0	0
 215.0	0
 216.0	0
 217.0	0
 218.0	0
 219.0	0
 220.0	0
 221.0	0
 222.0	0
 223.0	1
 224.0	0
 225.0	0
 226.0	0
 227.0	0
 228.0	0
 229.0	0
 230.0	0
 231.0	1
 232.0	0
 233.0	0
 234.0	0.5
 235.0	0
 236.0	0
 237.0	0
 238.0	0
 239.0	0
 240.0	0
 241.0	0
 242.0	0
 243.0	0
 244.0	0
 245.0	0
 246.0	0
DB 2 MOTIF	M4715_1.02	egl-27
-246.0	0
-245.0	1
-244.0	0
-243.0	0
-242.0	0
-241.0	0
-240.0	0
-239.0	0
-238.0	0
-237.0	0
-236.0	0
-235.0	1
-234.0	0
-233.0	0
-232.0	1
-231.0	0
-230.0	0
-229.0	0
-228.0	0
-227.0	0
-226.0	0
-225.0	0
-224.0	0
-223.0	0
-222.0	0
-221.0	0
-220.0	0
-219.0	1
-218.0	0
-217.0	0
-216.0	0
-215.0	0
-214.0	0
-213.0	0
-212.0	0
-211.0	0
-210.0	0
-209.0	1
-208.0	0
-207.0	0
-206.0	1
-205.0	0
-204.0	0
-203.0	0
-202.0	0
-201.0	0
-200.0	0
-199.0	0
-198.0	0
-197.0	1
-196.0	0
-195.0	0
-194.0	0
-193.0	0
-192.0	0
-191.0	0
-190.0	0
-189.0	0
-188.0	0
-187.0	0
-186.0	0
-185.0	0
-184.0	0
-183.0	0
-182.0	0
-181.0	0
-180.0	0
-179.0	1
-178.0	1
-177.0	0
-176.0	0
-175.0	1
-174.0	0
-173.0	0
-172.0	0
-171.0	0
-170.0	1
-169.0	0
-168.0	0
-167.0	0
-166.0	0
-165.0	0
-164.0	1
-163.0	0
-162.0	0
-161.0	0
-160.0	0
-159.0	0
-158.0	0
-157.0	0
-156.0	0
-155.0	0
-154.0	0
-153.0	0
-152.0	0
-151.0	0.5
-150.0	0
-149.0	0
-148.0	0
-147.0	0
-146.0	0
-145.0	0
-144.0	0
-143.0	0
-142.0	0
-141.0	0
-140.0	0
-139.0	0
-138.0	0
-137.0	0
-136.0	0
-135.0	0
-134.0	0
-133.0	0
-132.0	0
-131.0	0
-130.0	0
-129.0	0
-128.0	0
-127.0	1
-126.0	0
-125.0	0
-124.0	0
-123.0	0
-122.0	0.5
-121.0	0
-120.0	0
-119.0	0
-118.0	0
-117.0	1
-116.0	0
-115.0	0
-114.0	0
-113.0	0
-112.0	0
-111.0	1
-110.0	0
-109.0	0
-108.0	0
-107.0	0
-106.0	0
-105.0	0
-104.0	0
-103.0	0
-102.0	0
-101.0	1
-100.0	0
 -99.0	0
 -98.0	0
 -97.0	0
 -96.0	0
 -95.0	0
 -94.0	0
 -93.0	0
 -92.0	0
 -91.0	0
 -90.0	1
 -89.0	0
 -88.0	0
 -87.0	0
 -86.0	0
 -85.0	0
 -84.0	1
 -83.0	1
 -82.0	0
 -81.0	0
 -80.0	0
 -79.0	0
 -78.0	0
 -77.0	0
 -76.0	1
 -75.0	0
 -74.0	0
 -73.0	0
 -72.0	0
 -71.0	0
 -70.0	0
 -69.0	0
 -68.0	0
 -67.0	0
 -66.0	0
 -65.0	0
 -64.0	0
 -63.0	0
 -62.0	0
 -61.0	1
 -60.0	1
 -59.0	0
 -58.0	0
 -57.0	0
 -56.0	1
 -55.0	0
 -54.0	0
 -53.0	0
 -52.0	0
 -51.0	0
 -50.0	0
 -49.0	0
 -48.0	0
 -47.0	0
 -46.0	0.5
 -45.0	1
 -44.0	0
 -43.0	0
 -42.0	0
 -41.0	0
 -40.0	0
 -39.0	0
 -38.0	1
 -37.0	0
 -36.0	1.5
 -35.0	0
 -34.0	1
 -33.0	1
 -32.0	0
 -31.0	0
 -30.0	1
 -29.0	1
 -28.0	1
 -27.0	0
 -26.0	0
 -25.0	1
 -24.0	1
 -23.0	0
 -22.0	0
 -21.0	1
 -20.0	0
 -19.0	0
 -18.0	0
 -17.0	1
 -16.0	0
 -15.0	1
 -14.0	0
 -13.0	1
 -12.0	0
 -11.0	0
 -10.0	1
  -9.0	0
  -8.0	0
  -7.0	0
  -6.0	0
  -5.0	0
  -4.0	1
  -3.0	1
  -2.0	1
  -1.0	0
   0.0	0
   1.0	1
   2.0	0
   3.0	1
   4.0	2.5
   5.0	1
   6.0	1
   7.0	3.5
   8.0	0
   9.0	1
  10.0	3
  11.0	0
  12.0	0
  13.0	2
  14.0	1
  15.0	0
  16.0	1
  17.0	0
  18.0	0
  19.0	0
  20.0	1
  21.0	0
  22.0	0
  23.0	0.5
  24.0	0.5
  25.0	2
  26.0	1
  27.0	0
  28.0	1
  29.0	0
  30.0	0
  31.0	1
  32.0	0
  33.0	0
  34.0	0
  35.0	1
  36.0	0
  37.0	0
  38.0	0
  39.0	0
  40.0	1
  41.0	1
  42.0	1
  43.0	1
  44.0	1
  45.0	0
  46.0	1
  47.0	0
  48.0	0
  49.0	0
  50.0	0
  51.0	2
  52.0	0
  53.0	0
  54.0	1
  55.0	0
  56.0	0
  57.0	0
  58.0	0
  59.0	1
  60.0	0
  61.0	0
  62.0	0
  63.0	0
  64.0	0
  65.0	1
  66.0	0
  67.0	1
  68.0	1
  69.0	1
  70.0	1
  71.0	0
  72.0	0
  73.0	1
  74.0	0
  75.0	1
  76.0	1
  77.0	0
  78.0	0
  79.0	0
  80.0	0
  81.0	0
  82.0	1
  83.0	0
  84.0	0
  85.0	1
  86.0	0
  87.0	0
  88.0	0
  89.0	0.333333
  90.0	0
  91.0	0
  92.0	0
  93.0	0
  94.0	0
  95.0	0
  96.0	0.5
  97.0	0
  98.0	0
  99.0	1
 100.0	0
 101.0	0
 102.0	1
 103.0	0
 104.0	0
 105.0	0
 106.0	0
 107.0	0
 108.0	1.5
 109.0	0
 110.0	0
 111.0	1
 112.0	1
 113.0	0
 114.0	0
 115.0	0
 116.0	0
 117.0	1
 118.0	1
 119.0	0
 120.0	0
 121.0	0
 122.0	0
 123.0	0
 124.0	0.5
 125.0	2.33333
 126.0	0.5
 127.0	0
 128.0	0.5
 129.0	1
 130.0	0
 131.0	0
 132.0	0
 133.0	0
 134.0	0
 135.0	0
 136.0	0
 137.0	0
 138.0	1
 139.0	0
 140.0	1
 141.0	1
 142.0	0
 143.0	0
 144.0	0
 145.0	0.5
 146.0	0
 147.0	1
 148.0	0
 149.0	0
 150.0	1
 151.0	1
 152.0	1
 153.0	0
 154.0	1
 155.0	0
 156.0	0
 157.0	1
 158.0	0
 159.0	1
 160.0	0
 161.0	0
 162.0	0
 163.0	0
 164.0	0
 165.0	0
 166.0	0
 167.0	0
 168.0	0
 169.0	0
 170.0	0
 171.0	0
 172.0	0
 173.0	0
 174.0	1
 175.0	0
 176.0	0
 177.0	0
 178.0	0
 179.0	0
 180.0	0
 181.0	0
 182.0	0
 183.0	0
 184.0	1
 185.0	0
 186.0	0.5
 187.0	0
 188.0	1
 189.0	0
 190.0	0
 191.0	0
 192.0	0
 193.0	0
 194.0	1
 195.0	0
 196.0	0
 197.0	0
 198.0	0
 199.0	0
 200.0	0
 201.0	0
 202.0	0
 203.0	0
 204.0	0
 205.0	0
 206.0	0
 207.0	0
 208.0	0
 209.0	0
 210.0	0
 211.0	0
 212.0	0
 213.0	0
 214.0	0
 215.0	0
 216.0	0
 217.0	1
 218.0	0
 219.0	0
 220.0	0
 221.0	0
 222.0	0
 223.0	0
 224.0	0
 225.0	0
 226.0	0
 227.0	0.333333
 228.0	0
 229.0	0
 230.0	0
 231.0	0
 232.0	0.5
 233.0	1
 234.0	0
 235.0	1
 236.0	0
 237.0	0
 238.0	0
 239.0	0
 240.0	0
 241.0	0
 242.0	0
 243.0	0
 244.0	0
 245.0	0
 246.0	1
